0 0.835090 0.689382 0.090305 0.084542
0 0.765852 0.602361 0.068687 0.075500
0 0.559059 0.775174 0.082117 0.124764
0 0.825617 0.553174 0.072453 0.071042
0 0.485961 0.466681 0.033984 0.043111
0 0.555629 0.460847 0.035242 0.038972
0 0.282715 0.652715 0.056102 0.099875
0 0.323359 0.515882 0.047531 0.090819
0 0.502848 0.649896 0.069930 0.107847
0 0.245195 0.468882 0.037844 0.045958
0 0.352063 0.438153 0.024984 0.019639
0 0.396699 0.429840 0.020930 0.020986
0 0.474445 0.467375 0.056922 0.043306
0 0.301551 0.404424 0.038367 0.026681
0 0.272336 0.409417 0.032859 0.025611
0 0.323398 0.420292 0.031969 0.025250
0 0.622523 0.457090 0.048750 0.031875
0 0.633266 0.477993 0.051594 0.039625
0 0.615828 0.503312 0.054109 0.051208
0 0.385203 0.485451 0.046203 0.046931
0 0.262934 0.542063 0.043227 0.056903
0 0.969305 0.712215 0.061391 0.106125
0 0.226496 0.923306 0.122727 0.153389
0 0.429187 0.935972 0.140141 0.128056
