0 0.244051 0.433104 0.040695 0.027347
0 0.175758 0.393736 0.023844 0.018611
0 0.209484 0.399507 0.035469 0.027903
0 0.253934 0.462389 0.035148 0.030500
0 0.287734 0.405264 0.028125 0.027639
0 0.289988 0.597326 0.081070 0.176597
0 0.249703 0.519972 0.048562 0.084778
0 0.364340 0.436646 0.037664 0.036097
0 0.327227 0.418271 0.029922 0.027319
0 0.380516 0.425083 0.032766 0.032889
0 0.342871 0.543014 0.040086 0.067778
0 0.353422 0.465382 0.048797 0.066292
0 0.440617 0.581764 0.052109 0.067083
0 0.447813 0.457743 0.046500 0.048264
0 0.626020 0.499549 0.052102 0.053181
0 0.491508 0.462472 0.038531 0.040222
0 0.532348 0.674667 0.070008 0.105194
0 0.499820 0.556868 0.065250 0.073042
0 0.839027 0.618604 0.091758 0.080875
0 0.595125 0.528715 0.048922 0.060597
0 0.722699 0.548438 0.064523 0.070153
0 0.968770 0.727354 0.062461 0.125514
0 0.834039 0.550535 0.082563 0.073153
0 0.515531 0.441813 0.050422 0.045986
0 0.432641 0.421840 0.035969 0.036875
