0 0.271941 0.832722 0.080508 0.161889
0 0.772852 0.652861 0.078312 0.090583
0 0.635223 0.557438 0.058961 0.051931
0 0.478141 0.614854 0.067031 0.104958
0 0.588234 0.459826 0.056234 0.058014
0 0.399566 0.446243 0.038773 0.029569
0 0.380594 0.618910 0.065891 0.110042
0 0.558156 0.463264 0.055563 0.049861
0 0.267422 0.411229 0.023687 0.024264
0 0.240031 0.410111 0.023500 0.026833
0 0.608117 0.889674 0.110719 0.182292
0 0.768801 0.568944 0.067367 0.067306
0 0.275813 0.707993 0.062688 0.101264
0 0.814422 0.519597 0.059906 0.057917
0 0.188055 0.399153 0.027031 0.020139
0 0.965617 0.707667 0.064375 0.065278
0 0.762918 0.409319 0.037430 0.050444
0 0.326355 0.416861 0.034852 0.035861
0 0.462691 0.949444 0.114289 0.095083
0 0.497332 0.481389 0.042758 0.038750
0 0.686523 0.742688 0.090188 0.116347
0 0.308586 0.470111 0.046328 0.041833
0 0.278988 0.486660 0.048633 0.050014
0 0.237258 0.532125 0.037969 0.050944
0 0.427359 0.435076 0.042484 0.042264
