0 0.382117 0.624201 0.050766 0.077236
0 0.239656 0.521167 0.040266 0.063167
0 0.307414 0.529340 0.047016 0.072653
0 0.639145 0.561507 0.038602 0.050625
0 0.985582 0.636264 0.028383 0.087583
0 0.189801 0.394743 0.023555 0.025181
0 0.252691 0.406611 0.030617 0.030139
0 0.347074 0.489278 0.044930 0.048444
0 0.853082 0.942514 0.107055 0.108250
0 0.273965 0.839493 0.085648 0.135764
0 0.874926 0.697778 0.079148 0.081972
0 0.507133 0.464465 0.040359 0.037986
0 0.423809 0.421687 0.037070 0.034153
0 0.234504 0.400451 0.023445 0.025097
0 0.297633 0.467347 0.046219 0.047139
0 0.568766 0.448424 0.040297 0.032042
0 0.562164 0.488646 0.046906 0.044014
0 0.598586 0.644208 0.076891 0.092111
0 0.434543 0.897056 0.108055 0.205889
0 0.668086 0.521965 0.043828 0.044931
0 0.830715 0.612056 0.071617 0.062139
0 0.340457 0.421069 0.031586 0.039028
