0 0.301063 0.596229 0.042797 0.074347
0 0.284180 0.439083 0.053641 0.046056
0 0.739176 0.790743 0.130414 0.184681
0 0.392887 0.629215 0.090008 0.202347
0 0.897281 0.460250 0.070922 0.064389
0 0.212988 0.401139 0.025617 0.029889
0 0.263781 0.410889 0.025234 0.026944
0 0.404312 0.425715 0.057766 0.057375
0 0.426430 0.570937 0.049688 0.065931
0 0.433695 0.508667 0.052500 0.060139
0 0.374086 0.476542 0.042656 0.040194
0 0.262621 0.472194 0.041023 0.069944
0 0.292254 0.506646 0.039008 0.062097
0 0.913605 0.577306 0.082945 0.086500
0 0.322051 0.417250 0.041477 0.034167
0 0.333816 0.486021 0.042555 0.046042
0 0.251699 0.551090 0.041086 0.049458
0 0.328020 0.541375 0.038570 0.062972
0 0.508844 0.566375 0.054641 0.063167
0 0.293238 0.778486 0.072430 0.150000
0 0.737738 0.492535 0.051555 0.051847
0 0.748547 0.577972 0.070609 0.064361
0 0.544289 0.733528 0.073797 0.110306
