0 0.700340 0.598917 0.066695 0.071306
0 0.313867 0.415049 0.029781 0.041597
0 0.246949 0.907264 0.098727 0.153556
0 0.877773 0.645674 0.082687 0.071264
0 0.576258 0.483083 0.050875 0.052889
0 0.774734 0.870417 0.118641 0.148306
0 0.456187 0.604014 0.051344 0.077194
0 0.715336 0.513646 0.055375 0.059792
0 0.267227 0.587076 0.047422 0.076542
0 0.521508 0.653722 0.071312 0.110250
0 0.850840 0.694007 0.089523 0.083181
0 0.340656 0.542938 0.051359 0.061986
0 0.284801 0.690958 0.060633 0.132806
0 0.409402 0.675194 0.059086 0.113833
0 0.679590 0.952903 0.137867 0.094194
0 0.235965 0.522160 0.040555 0.065931
0 0.266316 0.487271 0.043148 0.052431
0 0.229934 0.451083 0.039445 0.041528
0 0.444809 0.466542 0.041430 0.046639
0 0.488668 0.435882 0.036930 0.052653
0 0.457930 0.451049 0.036922 0.051653
0 0.588234 0.461424 0.055906 0.046681
0 0.497910 0.542299 0.062445 0.072819
0 0.424875 0.545354 0.062734 0.078069
0 0.373801 0.407188 0.032727 0.029375
0 0.243039 0.408743 0.033094 0.027958
0 0.211715 0.401188 0.019805 0.030542
0 0.366016 0.435889 0.040141 0.025111
