0 0.328188 0.525931 0.042219 0.090028
0 0.229852 0.470896 0.034672 0.032375
0 0.544633 0.582354 0.063187 0.087181
0 0.461930 0.519312 0.057188 0.071458
0 0.379410 0.510062 0.048195 0.069153
0 0.386734 0.482715 0.043266 0.049292
0 0.515613 0.432938 0.049852 0.040819
0 0.464648 0.454285 0.035797 0.034875
0 0.274832 0.466542 0.038367 0.037833
0 0.324531 0.444993 0.047063 0.048569
0 0.271375 0.436264 0.035703 0.028472
0 0.409441 0.451090 0.031648 0.035514
0 0.370258 0.441687 0.024328 0.027319
0 0.298125 0.404965 0.032641 0.019764
0 0.227121 0.407451 0.020164 0.021375
0 0.267613 0.415806 0.018180 0.017194
0 0.256457 0.403201 0.023320 0.024431
0 0.990824 0.642319 0.018023 0.057972
0 0.438078 0.582187 0.048578 0.062819
0 0.623305 0.679708 0.078016 0.101861
0 0.292566 0.503799 0.040148 0.049764
0 0.552844 0.472118 0.052297 0.055625
0 0.262273 0.898542 0.121719 0.191667
0 0.778332 0.642958 0.087617 0.117111
0 0.842543 0.615944 0.072773 0.069472
0 0.616543 0.497646 0.051570 0.059653
0 0.285625 0.625569 0.053938 0.103528
0 0.736105 0.518403 0.052773 0.050639
0 0.700043 0.537701 0.057023 0.058625
0 0.476270 0.632667 0.059898 0.081889
