0 0.211867 0.400965 0.027125 0.026486
0 0.779574 0.421979 0.039039 0.045181
0 0.528711 0.726479 0.068359 0.103097
0 0.718422 0.604090 0.064609 0.080347
0 0.850078 0.562396 0.061766 0.079153
0 0.785410 0.561993 0.099039 0.095264
0 0.276934 0.604681 0.046836 0.076667
0 0.456922 0.587201 0.055906 0.070347
0 0.386320 0.626479 0.060344 0.094069
0 0.482926 0.471910 0.041492 0.029542
0 0.575605 0.480167 0.052039 0.051056
0 0.613719 0.476444 0.036594 0.034639
0 0.306184 0.413299 0.020102 0.019597
0 0.482750 0.459958 0.040453 0.051111
0 0.585859 0.523118 0.047656 0.045514
0 0.430652 0.935146 0.142617 0.129708
0 0.820160 0.922424 0.162039 0.155153
0 0.259437 0.553903 0.043250 0.065528
0 0.456230 0.521000 0.052695 0.062111
0 0.346531 0.490806 0.046625 0.056306
0 0.266879 0.480472 0.047742 0.061111
0 0.412547 0.433431 0.027078 0.028750
0 0.375695 0.438812 0.034891 0.036625
0 0.249895 0.398361 0.026914 0.024111
