0 0.332496 0.536979 0.043039 0.062375
0 0.626695 0.861146 0.132422 0.193958
0 0.469547 0.965708 0.118109 0.068583
0 0.653258 0.444938 0.127078 0.080431
0 0.577812 0.522806 0.055547 0.049944
0 0.301055 0.650069 0.051656 0.093056
0 0.955594 0.604542 0.060469 0.071000
0 0.258871 0.546056 0.041852 0.098833
0 0.565293 0.478840 0.051898 0.052153
0 0.682031 0.497563 0.052500 0.052875
0 0.800590 0.506889 0.063258 0.047667
0 0.778430 0.655236 0.084578 0.071583
0 0.249477 0.403236 0.029750 0.026694
0 0.284461 0.402597 0.030641 0.020889
0 0.298734 0.422278 0.031375 0.020750
0 0.360879 0.412306 0.028742 0.028278
0 0.389082 0.429500 0.035258 0.029889
0 0.344562 0.432556 0.028656 0.024417
0 0.505270 0.425007 0.108867 0.088264
0 0.321930 0.478938 0.046188 0.037792
0 0.277687 0.493396 0.045328 0.042014
0 0.374965 0.511326 0.050773 0.053986
0 0.251527 0.944896 0.117070 0.110208
0 0.424316 0.566549 0.052336 0.080403
0 0.709703 0.551840 0.060687 0.062014
0 0.821996 0.559021 0.068773 0.055764
