0 0.314484 0.416479 0.031781 0.026875
0 0.378820 0.419965 0.030250 0.044792
0 0.391980 0.440993 0.033039 0.041069
0 0.473258 0.430417 0.046344 0.050278
0 0.541934 0.434521 0.033883 0.035097
0 0.445047 0.463403 0.039766 0.039083
0 0.500566 0.483924 0.053023 0.047042
0 0.238801 0.520653 0.038602 0.045500
0 0.680309 0.953701 0.114445 0.092597
0 0.550965 0.583972 0.083977 0.099139
0 0.286730 0.634194 0.047273 0.073639
0 0.330973 0.547451 0.046414 0.057458
0 0.277730 0.590271 0.049664 0.060569
0 0.343227 0.486535 0.045766 0.062069
0 0.264406 0.442986 0.045016 0.049278
0 0.214066 0.439229 0.040898 0.048625
0 0.240449 0.467187 0.037992 0.037875
0 0.663152 0.476292 0.043758 0.030861
0 0.282738 0.782111 0.078508 0.169556
0 0.936516 0.692208 0.085641 0.076556
0 0.979398 0.580125 0.041125 0.071694
0 0.447281 0.573403 0.053781 0.065833
0 0.610254 0.474090 0.050336 0.051625
0 0.596523 0.529813 0.038641 0.048931
0 0.397578 0.657521 0.069687 0.137236
0 0.929129 0.608486 0.083602 0.075306
0 0.676910 0.580743 0.062211 0.066819
0 0.522504 0.693181 0.066523 0.116250
0 0.682719 0.721694 0.086203 0.128083
0 0.811191 0.676153 0.085023 0.082917
0 0.202027 0.476437 0.035461 0.042625
0 0.237879 0.401049 0.024820 0.033347
0 0.265691 0.411375 0.027445 0.027139
