0 0.221789 0.408049 0.037266 0.063708
0 0.866848 0.720812 0.096039 0.097514
0 0.620637 0.550562 0.052273 0.055542
0 0.267316 0.539250 0.040164 0.069194
0 0.502387 0.554028 0.049195 0.056472
0 0.240484 0.466326 0.041906 0.049708
0 0.659371 0.514181 0.059820 0.047861
0 0.396125 0.691528 0.059344 0.093444
0 0.745027 0.559569 0.055695 0.054778
0 0.779273 0.545604 0.044672 0.039958
0 0.697781 0.591556 0.142875 0.134139
0 0.227262 0.470313 0.069102 0.060264
0 0.289469 0.501903 0.037484 0.041806
0 0.560852 0.510090 0.048672 0.048569
0 0.357926 0.424375 0.027352 0.020139
0 0.347445 0.435208 0.035469 0.029444
0 0.438766 0.444076 0.035703 0.028486
0 0.506465 0.444514 0.123617 0.134556
0 0.429047 0.503424 0.046109 0.048986
0 0.369719 0.511590 0.050797 0.053986
0 0.453078 0.953382 0.128172 0.093236
